41 76 87 47 47 07 33 A2 F2 F7 77 77 72 E7 00 00 00 00 00 00 00 00 00 00 00 00 00 00 00 00 00 00 00 00 00 00 00 00 00 00 
17 26 36 F6 46 52 E6 36 F6 D2 F0 EC 11 EC 00 00 00 00 00 00 00 00 00 00 00 00 00 00 00 00 00 00 00 00 00 00 00 00 00 00 
11 EC 11 EC 11 EC 11 EC 11 EC 11 EC 11 EC 00 00 00 00 00 00 00 00 00 00 00 00 00 00 00 00 00 00 00 00 00 00 00 00 00 00 
11 EC 11 EC 11 EC 11 EC 11 EC 11 EC 11 EC 00 00 00 00 00 00 00 00 00 00 00 00 00 00 00 00 00 00 00 00 00 00 00 00 00 00 
11 EC 11 EC 11 EC 11 EC 11 EC 11 EC 11 EC 11 00 00 00 00 00 00 00 00 00 00 00 00 00 00 00 00 00 00 00 00 00 00 00 00 00 00 
EC 11 EC 11 EC 11 EC 11 EC 11 EC 11 EC 11 EC 00 00 00 00 00 00 00 00 00 00 00 00 00 00 00 00 00 00 00 00 00 00 00 00 00 00


11 EC 11 11 F6 7F EC 11 EC EC F6 7F 11 EC 11 11 F6 7F EC 11 EC EC F6 7F 11 EC 11 11 F6 7F EC 11 EC EC F6 7F 11 EC 11 11 
F6 7F EC 11 EC EC F6 7F 11 EC 11 11 F6 7F EC 11 EC EC F6 7F 11 EC 11 11 F6 7F EC 11 EC EC F6 7F 11 EC 11 11 F6 7F EC 11 
EC EC F6 7F 11 EC E9 E9 F6 7F 79 44 37 37 F6 7F B0 DA E8 E8 F6 7F 5E A5 04 04 F6 7F D5 D9 12 12 F6 7F B9 D9 EF EF F6 7F 
29 8C 5E 5E F6 7F F7 4A 0C 0C F6 7F FC 23 91 91 F6 7F 42 75 02 02 F6 7F E0 A2 3E 3E F6 7F FE E2 6E 6E F6 7F D3 80 7B 7B 
F6 7F D5 F8 D3 D3 F6 7F A9 60 4C 4C F6 7F 8B 5D 61 61 F6 7F 5C BD C2 C2 F6 7F BA D3 8E 8E F6 7F 5B C5 53 53 F6 7F E6 88 F1 
F1 F6 7F B2 13 99 99 F6 7F 4C 86 8A 8A F6 7F 9B A5 65 65 F6 7F DA 61 C9 C9 F6 7F 34 EA 74 74 F6 7F B2 01 03 03 F3 6E 68 4F


0, 118, 135, 71, 71, 7, 51, 162, 242, 247, 119, 119, 114, 231, 167, 198, 77, 180, 92, 4, 198, 48, 145, 51, 78, 119, 82, 69, 55, 155, 88, 10, 206, 195, 134, 33, 40, 180, 118, 178, 0, 38, 54, 246, 70, 82, 230, 54, 246, 210, 240, 236, 17, 236, 103, 114, 123, 199, 97, 131, 65, 203, 147, 145, 103, 108, 143, 106, 243, 15, 53, 154, 116, 46, 74, 80, 73, 117, 243, 1, 0, 236, 17, 236, 17, 236, 17, 236, 17, 236, 17, 236, 17, 236, 233, 55, 232, 4, 18, 239, 94, 12, 145, 2, 62, 110, 123, 211, 76, 97, 194, 142, 83, 241, 153, 138, 101, 201, 116, 3, 0, 236, 17, 236, 17, 236, 17, 236, 17, 236, 17, 236, 17, 236, 233, 55, 232, 4, 18, 239, 94, 12, 145, 2, 62, 110, 123, 211, 76, 97, 194, 142, 83, 241, 153, 138, 101, 201, 116, 3, 0, 236, 17, 236, 17, 236, 17, 236, 17, 236, 17, 236, 17, 236, 17, 121, 176, 94, 213, 185, 41, 247, 252, 66, 224, 254, 211, 213, 169, 139, 92, 186, 91, 230, 178, 76, 155, 218, 52, 243, 110, 0, 17, 236, 17, 236, 17, 236, 17, 236, 17, 236, 17, 236, 17, 236, 68, 218, 165, 217, 217, 140, 74, 35, 117, 162, 226, 128, 248, 96, 93, 189, 211, 197, 136, 19, 134, 165, 97, 234, 104, 79,